341
342
348
1209
643680
10452
602
284352
100616222
23526
5702
114900
106480590
2206
100873888
64231
5817
344
4607
91252
6688
90332
5971
100616220
222611
10062
8301
100271161
10499
2354
147912
338398
9995
23624
100130528
92140
3117
83417
399888
284353
23274
283571
728162
140719
10979
114971
4722
253430
1408
221393
246184
645412
106481292
100131457
10645
8178
84879
100507096
338399
51247
113130
55020
51512
124152
132724
724
101929732
84245
5819
55063
29992
1135
23759
100126318
2068
10247
1534
56172
23434
