246329	NA	0.003955	89
25861	NA	0.004503	89
3142	NA	0.005734	90
84947	NA	0.006519	90
100147828	NA	0.007852	89
6372	NA	0.00799	94
728045	NA	0.00799	90
83468	NA	0.008142	90
10307	NA	0.008142	92
113829	NA	0.008142	89
84676	NA	0.008149	89
23228	NA	0.008153	93
400954	NA	0.008269	90
847	NA	0.008488	92
5789	NA	0.008551	89
284040	NA	0.009187	90
100874065	NA	0.009373	89
55289	NA	0.009408	92
9628	NA	0.0101	89
4800	NA	0.01095	92
390266	NA	0.01116	92
100616201	NA	0.01116	91
59338	NA	0.01125	93
28787	NA	0.01134	89
23216	NA	0.01139	90
282809	NA	0.0117	90
5651	NA	0.0118	89
23225	NA	0.01197	92
391356	NA	0.01234	91
64902	NA	0.01292	91
4507	NA	0.01292	94
167465	NA	0.01346	92
677814	NA	0.01351	89
100616332	NA	0.01361	95
22992	NA	0.01369	89
56112	NA	0.0137	89
56111	NA	0.0137	92
56109	NA	0.0137	89
9708	NA	0.0137	90
56100	NA	0.0137	91
56106	NA	0.0137	91
26025	NA	0.0137	90
1729	NA	0.0137	93
8434	NA	0.01374	89
149111	NA	0.01385	92
157697	NA	0.01385	90
9228	NA	0.01385	89
106480500	NA	0.01397	92
57214	NA	0.01424	91
23244	NA	0.0145	91
27131	NA	0.01452	93
89866	NA	0.01483	92
8648	NA	0.01487	90
56146	NA	0.01509	89
10746	NA	0.0154	90
106480071	NA	0.0154	90
284369	NA	0.01581	93
131450	NA	0.01601	93
126826	NA	0.01613	93
259239	NA	0.01626	91
9686	NA	0.01637	92
55180	NA	0.01656	93
140460	NA	0.01656	93
137868	NA	0.01705	93
9988	NA	0.01729	91
79618	NA	0.01732	90
23303	NA	0.01732	90
1452	NA	0.01796	91
100270974	NA	0.01796	93
5866	NA	0.01836	94
56142	NA	0.01844	92
441884	NA	0.01855	91
220906	NA	0.0187	92
9520	NA	0.0187	89
8522	NA	0.01882	90
60	NA	0.01888	90
106480125	NA	0.01907	91
419	NA	0.01962	91
3627	NA	0.01962	94
2241	NA	0.01975	93
92017	NA	0.02005	90
80350	NA	0.02092	93
26061	NA	0.02104	90
23423	NA	0.02141	91
8454	NA	0.02149	92
2146	NA	0.02149	93
148189	NA	0.02243	91
100874235	NA	0.02287	89
23032	NA	0.02296	95
56141	NA	0.02301	91
55553	NA	0.02397	89
56204	NA	0.02408	91
124912	NA	0.02415	91
9771	NA	0.02415	91
100873485	NA	0.02415	93
391190	NA	0.02446	91
6261	NA	0.02507	94
100874441	NA	0.02542	92
124989	NA	0.02588	93
5229	NA	0.02591	94
57708	NA	0.02609	91
2060	NA	0.0261	89
55604	NA	0.02638	93
9752	NA	0.02655	93
56670	NA	0.02728	89
503632	NA	0.02778	94
23345	NA	0.02782	90
9079	NA	0.02799	94
4286	NA	0.02848	91
23468	NA	0.02952	91
401022	NA	0.02957	90
106660611	NA	0.0301	94
151477	NA	0.0301	91
28811	NA	0.03044	94
114987	NA	0.03072	90
54836	NA	0.03072	92
4045	NA	0.03135	92
8291	NA	0.03149	91
85569	NA	0.0315	92
619434	NA	0.03197	94
203062	NA	0.03197	93
3662	NA	0.03223	92
84939	NA	0.03223	95
64240	NA	0.0326	92
64241	NA	0.0326	90
23438	NA	0.0328	93
54853	NA	0.03289	90
373863	NA	0.03289	96
3035	NA	0.03289	89
9844	NA	0.03326	95
4179	NA	0.03329	95
199713	NA	0.03371	90
55655	NA	0.03371	90
51422	NA	0.03455	91
100505483	NA	0.03455	93
83593	NA	0.03529	94
6550	NA	0.03658	89
114182	NA	0.03813	95
129684	NA	0.03827	93
5915	NA	0.03891	97
9811	NA	0.04091	90
390224	NA	0.04128	96
696	NA	0.0417	90
30811	NA	0.04172	90
10049	NA	0.04198	90
1317	NA	0.04262	89
246184	NA	0.04262	91
5077	NA	0.04385	91
631	NA	0.0441	93
140752	NA	0.0441	94
54715	NA	0.04412	90
4695	NA	0.04677	91
100500820	NA	0.04677	95
2202	NA	0.04775	94
3559	NA	0.04843	92
123624	NA	0.04963	94
100852410	NA	0.04993	95
28514	NA	0.05126	96
55144	NA	0.05206	95
342184	NA	0.05287	96
81578	NA	0.05368	90
196446	NA	0.05463	93
55783	NA	0.05486	92
1902	NA	0.05917	94
4289	NA	0.06067	97
346606	NA	0.06084	90
646409	NA	0.06084	92
57016	NA	0.06152	96
23413	NA	0.06308	93
1012	NA	0.06402	93
653	NA	0.06412	92
100616328	NA	0.06544	96
57616	NA	0.06586	95
169026	NA	0.06586	94
9369	NA	0.0669	95
2863	NA	0.06773	96
5334	NA	0.07457	95
8829	NA	0.07476	95
10599	NA	0.07892	94
55351	NA	0.08071	96
123096	NA	0.08072	95
442910	NA	0.08072	97
33	NA	0.08351	96
24141	NA	0.08588	97
6263	NA	0.08849	96
100337590	NA	0.09164	93
646693	NA	0.09164	93
22821	NA	0.09561	93
3835	NA	0.09764	93
4150	NA	0.09764	92
79447	NA	0.09764	92
9961	NA	0.09764	95
199920	NA	0.1001	93
200407	NA	0.1002	95
6530	NA	0.1036	96
83715	NA	0.1186	93
57449	NA	0.1186	97
401014	NA	0.1281	98
57460	NA	0.1283	96
28966	NA	0.1313	97
949	NA	0.1324	95
1432	NA	0.1345	91
8701	NA	0.1386	92
55536	NA	0.1386	97
89797	NA	0.1411	95
642	NA	0.1549	97
106481580	NA	0.1549	96
79819	NA	0.166	91
54476	NA	0.1766	97
131890	NA	0.1799	92
3739	NA	0.1802	98
55914	NA	0.2318	96
677842	NA	0.2318	93
81570	NA	0.2336	98
148	NA	0.2434	96
79109	NA	0.2463	96
25914	NA	0.2495	98
55790	NA	0.2563	97
100873647	NA	0.2982	98
309	NA	0.3042	95
6036	NA	0.3476	93
352964	NA	0.3732	95
100048904	NA	0.3732	95
100048903	NA	0.3732	99
146183	NA	0.3864	98
4802	NA	0.3922	97
9132	NA	0.3922	98
1015	NA	0.4035	97
6595	NA	0.4447	97
80059	NA	0.5018	98
222537	NA	0.5884	97
9312	NA	0.6831	98
7297	NA	0.704	98
114784	NA	0.756	98
92370	NA	0.9712	95
261734	NA	0.9727	97
8514	NA	0.9727	99
3356	NA	0.007884	89
2001	NA	0.008239	89
64132	NA	0.01169	89
27443	NA	0.01277	91
56097	NA	0.0137	89
86781	NA	0.01626	91
5136	NA	0.02024	89
64866	NA	0.02093	91
100616400	NA	0.02952	92
8546	NA	0.03146	95
3550	NA	0.03289	90
9728	NA	0.04636	92
441160	NA	0.04852	94
55173	NA	0.04856	95
92140	NA	0.05713	93
112476	NA	0.09764	94
731220	NA	0.1002	91
8718	NA	0.1186	94
57492	NA	0.2639	94
100873472	NA	0.01477	89
