8301	NA	4.879e-19	48
23526	NA	1.063e-15	51
245802	NA	1.012e-14	49
1265	NA	4.207e-13	53
3128	NA	3.287e-11	54
338399	NA	1.202e-10	59
338398	NA	1.663e-10	51
55063	NA	5.576e-10	48
29992	NA	5.576e-10	48
81628	NA	6.1e-10	55
5434	NA	7.808e-10	58
91304	NA	2.282e-09	56
103625684	NA	2.282e-09	52
123041	NA	5.542e-09	53
10658	NA	1.116e-08	52
101929423	NA	3.225e-08	48
646282	NA	6.042e-08	53
23788	NA	7.225e-08	48
7791	NA	8.394e-08	51
10665	NA	1.138e-07	53
100131609	NA	1.422e-07	51
23279	NA	2.916e-07	52
53	NA	3.102e-07	50
10062	NA	3.102e-07	48
106479460	NA	3.139e-07	57
4722	NA	3.139e-07	48
114971	NA	3.139e-07	53
55709	NA	3.139e-07	51
84888	NA	3.183e-07	55
392133	NA	3.268e-07	51
100873603	NA	3.604e-07	48
100873888	NA	4.637e-07	50
28341	NA	4.885e-07	54
28462	NA	4.885e-07	55
28461	NA	5.508e-07	60
392132	NA	6.043e-07	54
26115	NA	6.161e-07	53
106480018	NA	6.284e-07	59
50488	NA	7.012e-07	56
106481134	NA	7.012e-07	58
28342	NA	7.243e-07	55
406900	NA	8.346e-07	48
3127	NA	9.443e-07	51
90268	NA	1.075e-06	55
26843	NA	1.271e-06	49
6068	NA	1.271e-06	50
26842	NA	1.271e-06	56
107984723	NA	1.271e-06	52
56252	NA	1.38e-06	59
100132978	NA	1.493e-06	60
4056	NA	1.706e-06	57
100302156	NA	1.706e-06	61
220047	NA	1.929e-06	65
8178	NA	1.975e-06	60
114900	NA	2.063e-06	54
56172	NA	2.148e-06	69
5306	NA	2.431e-06	62
1743	NA	2.467e-06	58
6642	NA	2.721e-06	61
945	NA	2.972e-06	60
6827	NA	3.069e-06	56
91133	NA	3.106e-06	56
4927	NA	3.6e-06	59
54822	NA	3.735e-06	58
79037	NA	3.742e-06	62
1145	NA	3.825e-06	56
7775	NA	4.16e-06	59
9098	NA	4.16e-06	53
124152	NA	4.35e-06	68
106481838	NA	4.927e-06	62
27332	NA	5.056e-06	66
106481210	NA	5.056e-06	61
3120	NA	5.906e-06	61
6095	NA	6.085e-06	72
6184	NA	6.623e-06	68
7227	NA	6.753e-06	70
55697	NA	7.148e-06	69
7975	NA	7.337e-06	65
202915	NA	7.337e-06	68
9870	NA	7.63e-06	69
10752	NA	7.686e-06	67
101927193	NA	7.686e-06	76
106479025	NA	8.104e-06	66
83746	NA	8.104e-06	69
79631	NA	8.719e-06	69
4182	NA	8.825e-06	67
50650	NA	9.451e-06	74
100873798	NA	9.857e-06	68
28360	NA	1.034e-05	68
28415	NA	1.034e-05	72
28414	NA	1.034e-05	76
28413	NA	1.034e-05	73
23683	NA	1.077e-05	71
8336	NA	1.103e-05	76
8348	NA	1.103e-05	73
2811	NA	1.107e-05	78
8402	NA	1.107e-05	65
26001	NA	1.107e-05	65
23060	NA	1.12e-05	81
100271291	NA	1.13e-05	68
133283	NA	1.272e-05	77
57020	NA	1.377e-05	72
79690	NA	1.389e-05	79
54629	NA	1.439e-05	76
53944	NA	1.49e-05	73
6701	NA	1.527e-05	78
6702	NA	1.527e-05	76
64841	NA	1.533e-05	74
23274	NA	1.572e-05	69
5336	NA	1.63e-05	78
114827	NA	1.697e-05	82
79180	NA	1.697e-05	71
1131	NA	1.814e-05	78
106480173	NA	1.883e-05	70
4143	NA	1.898e-05	72
106480575	NA	1.917e-05	77
4947	NA	2.049e-05	80
1740	NA	2.091e-05	82
64478	NA	2.105e-05	82
84418	NA	2.39e-05	78
157570	NA	2.668e-05	75
106481583	NA	2.668e-05	78
25780	NA	2.76e-05	80
57628	NA	3.004e-05	83
9776	NA	3.038e-05	87
392	NA	3.038e-05	79
114195	NA	3.054e-05	76
100302237	NA	3.103e-05	84
54207	NA	3.221e-05	81
55567	NA	3.237e-05	84
55872	NA	3.298e-05	84
5201	NA	3.299e-05	80
5706	NA	3.334e-05	84
285852	NA	3.359e-05	84
100873467	NA	3.359e-05	77
221438	NA	3.359e-05	87
858	NA	3.373e-05	84
115708	NA	3.467e-05	84
106479085	NA	3.467e-05	78
3396	NA	3.509e-05	87
106481292	NA	3.509e-05	83
23510	NA	3.509e-05	76
84570	NA	3.589e-05	82
129563	NA	3.682e-05	79
653441	NA	3.725e-05	72
106480862	NA	3.858e-05	76
123036	NA	4e-05	80
351	NA	4.239e-05	81
9167	NA	4.4e-05	80
9121	NA	4.594e-05	87
55065	NA	4.772e-05	89
66005	NA	4.834e-05	86
100874067	NA	4.872e-05	77
22895	NA	4.989e-05	84
100130894	NA	5.126e-05	79
642521	NA	5.361e-05	84
642538	NA	5.361e-05	88
1523	NA	5.365e-05	80
285016	NA	5.54e-05	84
51149	NA	5.574e-05	84
84176	NA	5.648e-05	79
5618	NA	5.696e-05	80
23434	NA	5.75e-05	85
8874	NA	5.936e-05	88
6788	NA	6.085e-05	87
54540	NA	6.34e-05	81
83992	NA	6.477e-05	83
104169671	NA	6.61e-05	87
55964	NA	6.857e-05	86
164684	NA	6.857e-05	82
266623	NA	6.857e-05	80
23125	NA	6.94e-05	79
388324	NA	6.94e-05	83
8632	NA	7.045e-05	82
106479129	NA	7.294e-05	84
692195	NA	7.422e-05	85
170850	NA	7.422e-05	85
10748	NA	7.515e-05	93
55110	NA	7.515e-05	82
54843	NA	7.635e-05	82
221262	NA	7.75e-05	84
9912	NA	7.77e-05	76
158078	NA	7.797e-05	84
9328	NA	7.797e-05	83
100873648	NA	7.812e-05	86
56963	NA	7.865e-05	87
84466	NA	7.888e-05	83
55471	NA	7.89e-05	89
23604	NA	7.962e-05	86
84191	NA	7.962e-05	83
4938	NA	8.311e-05	85
4940	NA	8.311e-05	90
54491	NA	8.671e-05	87
3445	NA	8.69e-05	79
646581	NA	8.69e-05	86
4053	NA	8.876e-05	92
3586	NA	9.41e-05	83
10476	NA	9.883e-05	90
106481078	NA	9.883e-05	89
256435	NA	9.962e-05	79
10699	NA	9.999e-05	91
3080	NA	0.0001002	85
10877	NA	0.0001002	87
904	NA	0.0001013	85
9212	NA	0.0001046	93
51151	NA	0.0001046	91
202	NA	0.0001046	91
1829	NA	0.000105	88
165140	NA	0.0001065	84
23498	NA	0.0001065	83
30817	NA	0.0001068	89
2580	NA	0.0001074	83
84286	NA	0.0001074	83
55343	NA	0.0001087	85
106479331	NA	0.0001114	82
170679	NA	0.0001137	82
170680	NA	0.0001137	90
493825	NA	0.0001137	88
54535	NA	0.0001137	87
6856	NA	0.000116	90
100113403	NA	0.0001168	93
821	NA	0.0001175	91
121270	NA	0.000119	87
22834	NA	0.0001195	88
106480818	NA	0.0001195	85
6450	NA	0.0001196	90
79839	NA	0.0001242	85
54934	NA	0.0001249	90
677794	NA	0.0001249	87
677815	NA	0.0001257	89
677793	NA	0.0001257	90
100422316	NA	0.0001259	87
9884	NA	0.0001263	88
51363	NA	0.0001278	92
54756	NA	0.0001306	88
643418	NA	0.0001321	87
100130253	NA	0.0001321	91
51704	NA	0.0001325	89
256536	NA	0.0001326	88
83595	NA	0.0001333	90
54984	NA	0.0001333	86
23315	NA	0.000135	84
8550	NA	0.0001355	86
7003	NA	0.0001382	92
1602	NA	0.0001382	89
27436	NA	0.0001384	81
399979	NA	0.0001387	86
692215	NA	0.0001387	84
140766	NA	0.0001391	89
219793	NA	0.0001391	89
89853	NA	0.0001446	89
116931	NA	0.0001463	85
53836	NA	0.0001463	84
319136	NA	0.0001493	85
9995	NA	0.0001493	90
4939	NA	0.00015	91
2983	NA	0.00015	94
9586	NA	0.0001585	88
55770	NA	0.0001661	92
106481476	NA	0.0001692	90
6447	NA	0.000171	90
9603	NA	0.0001716	90
3181	NA	0.0001716	92
11335	NA	0.0001716	90
140880	NA	0.0001733	88
106481069	NA	0.0001743	90
23338	NA	0.0001743	89
81697	NA	0.0001746	90
253430	NA	0.0001751	91
8512	NA	0.0001787	88
6441	NA	0.0001787	89
27333	NA	0.000184	92
404744	NA	0.0001858	91
100270909	NA	0.0001858	88
9732	NA	0.0001875	89
4208	NA	0.0001882	89
79096	NA	0.0001933	89
6667	NA	0.0001965	93
269	NA	0.0001965	93
2104	NA	0.0001983	90
9783	NA	0.0002029	85
137835	NA	0.0002035	97
283726	NA	0.0002058	92
2078	NA	0.0002083	87
100271538	NA	0.0002101	92
9896	NA	0.0002104	90
2162	NA	0.0002139	94
2793	NA	0.0002159	90
51225	NA	0.0002159	91
162466	NA	0.0002159	89
85363	NA	0.0002164	89
23263	NA	0.0002245	87
6850	NA	0.0002251	87
5587	NA	0.0002255	97
100009668	NA	0.0002284	90
51256	NA	0.0002289	88
80070	NA	0.0002292	89
58509	NA	0.0002292	92
23396	NA	0.0002292	95
1840	NA	0.0002326	91
40	NA	0.0002334	90
132	NA	0.000234	91
1056	NA	0.0002347	86
54802	NA	0.0002374	91
57205	NA	0.0002384	91
163351	NA	0.0002388	88
391053	NA	0.0002388	93
106481787	NA	0.0002399	91
53829	NA	0.0002399	91
391256	NA	0.0002445	86
106480556	NA	0.0002445	94
151242	NA	0.0002448	93
53942	NA	0.0002481	90
9100	NA	0.0002491	93
440279	NA	0.000252	90
79895	NA	0.0002556	92
283987	NA	0.0002582	88
30850	NA	0.0002582	93
9934	NA	0.0002607	95
100419187	NA	0.0002607	90
100887755	NA	0.0002658	89
23080	NA	0.0002677	92
102724668	NA	0.0002677	92
55584	NA	0.000269	87
79776	NA	0.0002727	92
79820	NA	0.0002736	90
51077	NA	0.0002742	86
9378	NA	0.0002742	92
8490	NA	0.0002802	90
11245	NA	0.0002843	94
57504	NA	0.0002914	88
89796	NA	0.0002918	94
100873949	NA	0.0002918	90
100847050	NA	0.0002918	88
22864	NA	0.0002936	91
57528	NA	0.0002969	91
8499	NA	0.0002993	91
5594	NA	0.0003039	94
124599	NA	0.0003097	90
10871	NA	0.0003097	92
4610	NA	0.0003101	97
6241	NA	0.0003105	91
100422929	NA	0.0003105	95
391107	NA	0.0003152	91
1909	NA	0.0003194	93
221692	NA	0.0003224	95
10451	NA	0.0003242	88
7038	NA	0.0003278	93
11006	NA	0.0003289	93
7148	NA	0.0003289	97
100507495	NA	0.0003301	93
2280	NA	0.0003301	93
9825	NA	0.000331	91
64805	NA	0.0003316	93
390928	NA	0.0003344	90
5578	NA	0.0003356	89
112399	NA	0.0003419	94
284266	NA	0.0003474	94
7332	NA	0.0003501	92
727879	NA	0.0003521	93
79083	NA	0.0003542	92
644157	NA	0.0003607	92
6704	NA	0.0003658	88
10153	NA	0.0003671	88
1408	NA	0.0003673	91
114884	NA	0.0003678	94
9790	NA	0.0003818	93
283777	NA	0.0003859	93
147429	NA	0.000386	93
5305	NA	0.0003898	89
388567	NA	0.0003955	93
100874138	NA	0.0003961	94
677809	NA	0.0003999	94
100873309	NA	0.0004012	93
28955	NA	0.0004031	94
23658	NA	0.0004043	95
729852	NA	0.0004044	92
80014	NA	0.0004087	90
23770	NA	0.0004171	91
79768	NA	0.0004173	93
26064	NA	0.0004271	94
55812	NA	0.0004345	93
11099	NA	0.0004345	92
643414	NA	0.0004346	89
51279	NA	0.0004367	95
8537	NA	0.000437	86
6091	NA	0.0004393	91
123016	NA	0.0004401	95
55187	NA	0.0004442	93
577	NA	0.0004585	94
112869	NA	0.0004632	89
6799	NA	0.0004632	93
19	NA	0.000476	90
10262	NA	0.000477	93
10903	NA	0.000477	97
56957	NA	0.000477	93
284	NA	0.0004782	93
6615	NA	0.0004798	91
283229	NA	0.0004806	92
977	NA	0.0004806	93
5441	NA	0.0004806	96
7106	NA	0.0004806	89
340654	NA	0.0004874	92
6507	NA	0.0004895	89
150223	NA	0.0005042	95
164592	NA	0.0005042	97
5325	NA	0.0005051	90
254042	NA	0.0005086	94
10295	NA	0.0005101	94
84148	NA	0.0005101	94
9358	NA	0.0005112	93
106479743	NA	0.0005131	97
7520	NA	0.0005154	97
5125	NA	0.0005184	93
80821	NA	0.0005213	94
79856	NA	0.0005229	96
80731	NA	0.0005239	92
6059	NA	0.0005264	90
54726	NA	0.0005264	92
6383	NA	0.0005281	94
254268	NA	0.0005313	90
23155	NA	0.0005313	94
22911	NA	0.0005313	93
10468	NA	0.0005317	95
51428	NA	0.0005399	93
7093	NA	0.0005425	91
81704	NA	0.0005434	94
100129460	NA	0.0005461	91
84268	NA	0.0005465	94
9749	NA	0.0005619	96
30820	NA	0.0005642	90
22941	NA	0.0005674	92
4255	NA	0.0005748	95
3084	NA	0.0005772	89
644623	NA	0.0005832	96
57089	NA	0.0005948	93
55901	NA	0.0005958	93
100862664	NA	0.0005958	91
60529	NA	0.0006199	95
56257	NA	0.0006277	95
221908	NA	0.0006277	95
124842	NA	0.0006307	95
7465	NA	0.0006323	97
404665	NA	0.0006407	91
9479	NA	0.0006433	94
3600	NA	0.0006516	96
5782	NA	0.0006526	96
81706	NA	0.0006686	94
7918	NA	0.0006687	97
1460	NA	0.0006687	95
58496	NA	0.0006687	95
80741	NA	0.0006687	93
3112	NA	0.0006688	93
6891	NA	0.0006688	95
728064	NA	0.0006725	96
100129622	NA	0.0006725	90
55530	NA	0.000675	89
106480574	NA	0.000675	96
127833	NA	0.0006763	97
222194	NA	0.0006785	92
399881	NA	0.0006794	95
84068	NA	0.0006844	89
952	NA	0.000687	94
343901	NA	0.0006922	95
84247	NA	0.0006922	97
100652974	NA	0.0007071	93
84693	NA	0.0007149	96
10199	NA	0.0007149	96
5728	NA	0.000722	96
2357	NA	0.0007234	93
2358	NA	0.0007234	92
123688	NA	0.0007244	94
5685	NA	0.0007244	93
80036	NA	0.0007319	99
406987	NA	0.0007319	95
52	NA	0.0007321	94
22853	NA	0.0007368	90
10788	NA	0.0007411	96
273	NA	0.0007451	96
400759	NA	0.0007508	93
5479	NA	0.0007536	96
114134	NA	0.0007556	91
106481237	NA	0.000759	95
3823	NA	0.0007672	95
3822	NA	0.0007672	95
3821	NA	0.0007672	95
257415	NA	0.0007682	93
107057646	NA	0.000774	95
106479601	NA	0.000774	92
100873768	NA	0.0007774	92
54020	NA	0.0008012	97
57523	NA	0.0008035	93
84465	NA	0.0008072	96
389668	NA	0.0008456	94
647288	NA	0.0008523	92
106144536	NA	0.0008523	94
8803	NA	0.00086	94
115362	NA	0.0008629	96
79882	NA	0.0008689	97
6238	NA	0.0008733	97
54467	NA	0.0008772	94
136332	NA	0.0008783	95
55847	NA	0.0008798	97
85414	NA	0.0008857	95
55188	NA	0.000895	96
79068	NA	0.0008962	95
126204	NA	0.0009154	96
9907	NA	0.0009171	94
55698	NA	0.0009171	94
3850	NA	0.0009173	95
3851	NA	0.0009173	95
550112	NA	0.0009179	92
339967	NA	0.0009179	98
348303	NA	0.0009185	96
9472	NA	0.0009198	96
100874185	NA	0.0009273	97
2895	NA	0.0009401	97
100129583	NA	0.0009528	94
100631383	NA	0.0009528	93
339965	NA	0.0009528	93
26751	NA	0.0009631	95
106479188	NA	0.0009688	96
1081	NA	0.0009688	94
652965	NA	0.001005	97
8444	NA	0.001016	94
492311	NA	0.001018	97
128553	NA	0.001021	94
166336	NA	0.001027	94
169792	NA	0.001041	95
2893	NA	0.001046	97
2011	NA	0.001065	96
219771	NA	0.001075	96
132204	NA	0.001075	95
4009	NA	0.001078	96
54882	NA	0.001091	92
404734	NA	0.001091	94
23108	NA	0.001095	92
9734	NA	0.001096	89
677810	NA	0.001101	94
23067	NA	0.001104	94
3242	NA	0.001104	96
106480136	NA	0.001109	97
6004	NA	0.00111	93
51678	NA	0.001111	95
91219	NA	0.001112	96
28523	NA	0.00112	97
28522	NA	0.00112	92
28519	NA	0.00112	95
28521	NA	0.00112	97
28526	NA	0.00112	95
3690	NA	0.001127	90
2034	NA	0.001136	94
100874243	NA	0.001153	95
219578	NA	0.001161	95
100420260	NA	0.001169	93
11085	NA	0.001169	94
374655	NA	0.001171	95
3418	NA	0.001171	98
441212	NA	0.001176	95
145407	NA	0.001177	93
5684	NA	0.001177	94
163782	NA	0.001185	95
1258	NA	0.001189	97
28987	NA	0.001197	94
106480111	NA	0.001203	95
100128777	NA	0.001226	95
106479681	NA	0.001226	89
51110	NA	0.001227	94
9644	NA	0.00123	96
10404	NA	0.001239	94
2107	NA	0.001247	97
8626	NA	0.001249	97
283248	NA	0.00126	92
641373	NA	0.001281	95
112885	NA	0.001284	93
5071	NA	0.001285	97
57538	NA	0.001296	93
64283	NA	0.001311	94
4261	NA	0.001318	99
100462833	NA	0.001334	96
144097	NA	0.001345	93
9958	NA	0.001355	92
4154	NA	0.001364	95
645843	NA	0.001364	95
100131940	NA	0.001392	95
106481496	NA	0.001392	91
115560	NA	0.001396	96
57456	NA	0.001396	96
285195	NA	0.00142	97
100885796	NA	0.00142	98
6675	NA	0.001427	92
9388	NA	0.001431	97
100129772	NA	0.001439	97
646520	NA	0.001439	96
5288	NA	0.001446	92
125	NA	0.001446	92
92689	NA	0.001451	95
58527	NA	0.00146	95
26037	NA	0.001463	96
3107	NA	0.001471	94
100287272	NA	0.001471	97
4158	NA	0.001495	99
79783	NA	0.001508	93
5999	NA	0.00152	97
9318	NA	0.001533	96
2585	NA	0.001533	97
100306975	NA	0.001533	95
64328	NA	0.001549	96
100505636	NA	0.001564	97
84168	NA	0.001567	96
26775	NA	0.001578	98
100874016	NA	0.00158	93
157807	NA	0.001582	94
343172	NA	0.00161	94
127608	NA	0.00161	96
284521	NA	0.00161	99
403245	NA	0.00161	96
121506	NA	0.001651	95
397	NA	0.001651	95
343505	NA	0.001655	98
3092	NA	0.001655	95
26586	NA	0.001681	96
5579	NA	0.001697	94
387694	NA	0.001714	97
100147762	NA	0.001715	92
7091	NA	0.001719	98
8618	NA	0.001743	98
51028	NA	0.001746	98
220115	NA	0.001757	96
6809	NA	0.00176	91
106480363	NA	0.001775	95
728927	NA	0.001781	96
100420415	NA	0.001781	98
92106	NA	0.001786	95
23180	NA	0.001786	93
100874151	NA	0.001811	96
128387	NA	0.001834	95
9950	NA	0.001834	98
140738	NA	0.001834	98
6344	NA	0.001834	97
100423030	NA	0.001837	93
11177	NA	0.00185	95
56992	NA	0.001854	96
730094	NA	0.001861	96
8787	NA	0.001885	96
23040	NA	0.001887	99
112616	NA	0.001899	97
11328	NA	0.001917	92
4249	NA	0.001921	93
81615	NA	0.001921	93
5008	NA	0.001936	96
64168	NA	0.001937	98
83592	NA	0.001963	94
154386	NA	0.001972	94
255167	NA	0.001978	96
644759	NA	0.001981	96
106479608	NA	0.001981	98
9693	NA	0.001996	93
11096	NA	0.002023	98
23269	NA	0.002044	96
693211	NA	0.002044	95
7916	NA	0.002047	97
7917	NA	0.002047	97
55937	NA	0.002047	92
4704	NA	0.002052	96
257194	NA	0.002081	96
51526	NA	0.002106	97
100505783	NA	0.002106	98
150684	NA	0.002109	97
100129192	NA	0.002116	99
54760	NA	0.002124	96
92840	NA	0.002124	91
339366	NA	0.002124	95
9768	NA	0.002136	96
23284	NA	0.002146	98
25936	NA	0.002194	96
131616	NA	0.002203	95
693149	NA	0.002203	94
90485	NA	0.002207	96
55357	NA	0.002217	98
9320	NA	0.002224	96
6224	NA	0.002229	92
26795	NA	0.002229	97
54914	NA	0.002248	98
157680	NA	0.002259	98
106481019	NA	0.002259	96
1804	NA	0.00226	93
283547	NA	0.002264	96
6390	NA	0.002292	99
10385	NA	0.002299	98
11119	NA	0.002299	96
154743	NA	0.002301	97
441133	NA	0.002309	98
9607	NA	0.002321	97
2272	NA	0.002372	95
9727	NA	0.002387	95
163882	NA	0.002395	93
100505832	NA	0.002397	99
5629	NA	0.002397	95
140749	NA	0.002401	98
65217	NA	0.002412	97
389208	NA	0.002428	96
6252	NA	0.002442	99
23118	NA	0.002466	99
106479057	NA	0.002466	95
9980	NA	0.0025	94
54021	NA	0.0025	98
100616465	NA	0.002505	98
5205	NA	0.002506	96
51322	NA	0.00251	98
5799	NA	0.002525	96
100887750	NA	0.002529	96
57574	NA	0.002539	97
214	NA	0.00254	94
106479378	NA	0.002543	96
728641	NA	0.002545	97
391365	NA	0.002564	97
7805	NA	0.002586	98
100616164	NA	0.002586	94
121512	NA	0.002589	96
6310	NA	0.00259	98
64849	NA	0.002607	98
100551499	NA	0.002614	99
145497	NA	0.002618	96
106480020	NA	0.002623	96
54948	NA	0.002634	92
100129237	NA	0.002641	95
4342	NA	0.002641	92
55734	NA	0.002662	95
10910	NA	0.002688	97
26230	NA	0.002689	93
4920	NA	0.002694	98
23705	NA	0.002695	96
400359	NA	0.002701	96
11214	NA	0.002731	96
2246	NA	0.00274	98
54790	NA	0.002755	94
104384744	NA	0.002755	98
146713	NA	0.002759	97
346007	NA	0.00276	97
10982	NA	0.002772	99
7103	NA	0.002783	94
8549	NA	0.002783	98
50863	NA	0.002788	97
255631	NA	0.002801	97
55529	NA	0.002811	91
4739	NA	0.002838	97
6329	NA	0.002861	99
2274	NA	0.002862	99
9962	NA	0.002868	94
3313	NA	0.002882	92
26785	NA	0.002882	97
100127945	NA	0.002915	96
91392	NA	0.002915	95
23007	NA	0.002926	98
100270951	NA	0.002926	97
100130017	NA	0.002948	97
106479540	NA	0.002954	99
55509	NA	0.00296	97
23379	NA	0.003001	94
2911	NA	0.003002	96
114194	NA	0.003012	98
28962	NA	0.003023	97
100287366	NA	0.003023	97
7101	NA	0.003023	97
55236	NA	0.003027	95
11122	NA	0.003033	97
231	NA	0.003036	94
81340	NA	0.00305	96
1891	NA	0.003068	97
3191	NA	0.003068	97
64784	NA	0.003089	98
23639	NA	0.003105	99
440699	NA	0.003113	98
246269	NA	0.003118	99
1112	NA	0.00313	96
400236	NA	0.00313	95
23471	NA	0.003166	98
285605	NA	0.003178	97
1838	NA	0.003219	93
159	NA	0.003235	96
5689	NA	0.003237	98
6908	NA	0.003237	95
7849	NA	0.003248	98
5212	NA	0.00328	99
64393	NA	0.003297	95
79632	NA	0.003306	98
90411	NA	0.003315	96
79906	NA	0.003361	96
4752	NA	0.003391	97
5253	NA	0.0034	96
5583	NA	0.003406	99
9573	NA	0.003429	98
814	NA	0.00344	98
728215	NA	0.003462	97
283149	NA	0.003499	97
100616376	NA	0.003499	97
7379	NA	0.003499	95
83893	NA	0.00352	98
147741	NA	0.003538	94
79747	NA	0.003539	99
147945	NA	0.00354	95
100852409	NA	0.003556	96
4146	NA	0.003581	97
100129196	NA	0.003581	97
196951	NA	0.003597	97
2252	NA	0.003597	96
64093	NA	0.003619	98
54549	NA	0.003652	95
117583	NA	0.00367	97
56664	NA	0.0037	97
56663	NA	0.0037	92
56662	NA	0.0037	98
57553	NA	0.003705	97
1002	NA	0.003732	97
5142	NA	0.00374	96
1504	NA	0.00376	93
9564	NA	0.00376	96
158035	NA	0.003771	97
25839	NA	0.003781	96
23450	NA	0.003781	95
50940	NA	0.00381	97
9061	NA	0.003875	97
153733	NA	0.003893	99
115701	NA	0.003903	95
57121	NA	0.003915	97
84519	NA	0.003915	98
6492	NA	0.003933	97
9542	NA	0.003944	93
6472	NA	0.003955	97
56901	NA	0.003955	99
246329	NA	0.003955	98
23316	NA	0.003993	95
199974	NA	0.004015	97
104355148	NA	0.004015	93
10298	NA	0.004032	95
541471	NA	0.004078	97
6041	NA	0.004081	97
2335	NA	0.004086	97
9172	NA	0.004134	96
91522	NA	0.004143	98
65005	NA	0.004152	98
51686	NA	0.004152	96
11022	NA	0.004152	96
51271	NA	0.004158	98
347240	NA	0.004158	96
1956	NA	0.004162	98
26013	NA	0.004199	95
10740	NA	0.004235	97
388514	NA	0.00424	98
132724	NA	0.004263	94
9862	NA	0.004292	96
7067	NA	0.004292	98
161835	NA	0.00432	97
79172	NA	0.004322	95
54509	NA	0.004423	97
220929	NA	0.004467	96
25861	NA	0.004503	94
2890	NA	0.004518	96
64094	NA	0.004552	98
11183	NA	0.004568	97
81029	NA	0.00458	95
144699	NA	0.00458	98
118430	NA	0.004628	98
594839	NA	0.004628	96
11118	NA	0.004671	98
106480406	NA	0.004774	99
219681	NA	0.004821	96
4155	NA	0.004842	96
83938	NA	0.004902	96
8341	NA	0.004949	96
10340	NA	0.004949	98
8332	NA	0.004949	96
3009	NA	0.004949	98
79582	NA	0.005002	99
100271056	NA	0.005006	99
284541	NA	0.005041	97
10203	NA	0.005044	97
169166	NA	0.005114	98
152742	NA	0.005116	99
83643	NA	0.005193	96
100873575	NA	0.005193	95
118663	NA	0.005223	97
51206	NA	0.00523	96
112724	NA	0.00523	98
100874498	NA	0.005257	98
25865	NA	0.005266	96
106479356	NA	0.005266	96
221443	NA	0.005272	96
10930	NA	0.005272	99
8724	NA	0.005324	95
10725	NA	0.005359	96
100302119	NA	0.005359	96
100462782	NA	0.005362	95
84133	NA	0.005391	95
143689	NA	0.005393	98
106479596	NA	0.005399	95
106481397	NA	0.00541	95
54956	NA	0.00541	99
106480370	NA	0.005452	96
670	NA	0.005492	95
7280	NA	0.005492	98
100302286	NA	0.005507	97
92293	NA	0.005632	97
10187	NA	0.005645	97
106479176	NA	0.005651	97
80129	NA	0.005672	99
10833	NA	0.005688	98
3382	NA	0.005691	96
6636	NA	0.005692	99
9037	NA	0.005728	96
100505806	NA	0.005728	98
100113384	NA	0.005728	96
3142	NA	0.005734	99
727859	NA	0.005742	98
121256	NA	0.005942	99
8036	NA	0.005982	98
100313921	NA	0.005982	96
8828	NA	0.006026	97
51014	NA	0.006198	97
722	NA	0.006216	98
64396	NA	0.006234	98
5602	NA	0.006458	97
690	NA	0.006497	99
84947	NA	0.006519	98
4238	NA	0.006562	96
83697	NA	0.006586	98
401093	NA	0.006596	95
64418	NA	0.006602	98
105370208	NA	0.006611	96
106481017	NA	0.00668	97
114876	NA	0.006702	97
100302736	NA	0.006712	98
353376	NA	0.006712	99
55024	NA	0.006822	96
100288428	NA	0.006832	97
50810	NA	0.006901	98
2898	NA	0.006903	95
56986	NA	0.00698	97
100130994	NA	0.007157	97
106479920	NA	0.007157	98
1293	NA	0.007168	98
7010	NA	0.007263	96
100873533	NA	0.007263	99
775	NA	0.007296	98
5257	NA	0.007328	98
100873676	NA	0.007328	99
106481423	NA	0.007377	98
10352	NA	0.007382	96
9230	NA	0.007386	98
51257	NA	0.007386	99
340485	NA	0.007464	99
64754	NA	0.007484	97
5321	NA	0.007542	97
219988	NA	0.007607	97
100130879	NA	0.00769	96
79634	NA	0.007697	95
151556	NA	0.007697	98
55765	NA	0.007722	98
85379	NA	0.00773	98
1417	NA	0.00773	98
8821	NA	0.007764	98
100147828	NA	0.007852	98
3356	NA	0.007884	97
221322	NA	0.007911	97
81406	NA	0.00793	96
106481669	NA	0.007967	98
6372	NA	0.00799	95
728045	NA	0.00799	98
5197	NA	0.00799	99
56243	NA	0.008066	97
83468	NA	0.008142	98
10011	NA	0.008142	95
8637	NA	0.008142	98
10307	NA	0.008142	99
113829	NA	0.008142	96
84676	NA	0.008149	98
23228	NA	0.008153	98
26051	NA	0.008193	97
10098	NA	0.008235	97
2001	NA	0.008239	97
400954	NA	0.008269	97
100506697	NA	0.008288	98
6482	NA	0.008431	98
27293	NA	0.008452	98
55113	NA	0.008452	98
2140	NA	0.008452	98
847	NA	0.008488	99
124540	NA	0.008493	96
106146146	NA	0.008519	96
5789	NA	0.008551	99
3837	NA	0.008583	96
9755	NA	0.008583	97
283050	NA	0.008618	95
4311	NA	0.008855	95
101927347	NA	0.008867	98
255426	NA	0.008884	97
286144	NA	0.008966	93
106481573	NA	0.00902	97
79666	NA	0.009057	95
574455	NA	0.009104	98
100126355	NA	0.009104	98
80790	NA	0.009116	96
6857	NA	0.009143	99
983	NA	0.009179	98
284040	NA	0.009187	99
100533496	NA	0.009187	94
201158	NA	0.009187	95
4257	NA	0.009197	98
51741	NA	0.009347	98
5101	NA	0.009373	97
100874065	NA	0.009373	98
55289	NA	0.009408	99
100270832	NA	0.009408	98
200150	NA	0.009409	98
106480836	NA	0.009409	97
100131065	NA	0.009426	99
28788	NA	0.00951	95
28789	NA	0.00951	99
257044	NA	0.009768	99
100506581	NA	0.009897	98
64772	NA	0.01001	98
9628	NA	0.0101	97
28977	NA	0.01012	99
106481123	NA	0.01012	94
79853	NA	0.01029	96
7675	NA	0.01033	99
116535	NA	0.01039	98
54664	NA	0.01049	98
4800	NA	0.01095	97
5797	NA	0.01103	97
390266	NA	0.01116	98
100616201	NA	0.01116	99
55153	NA	0.0112	98
59338	NA	0.01125	98
100500866	NA	0.01125	99
54733	NA	0.01128	98
28787	NA	0.01134	97
23216	NA	0.01139	98
122876	NA	0.01166	95
64132	NA	0.01169	99
282809	NA	0.0117	96
5651	NA	0.0118	98
23225	NA	0.01197	97
54498	NA	0.01209	98
391356	NA	0.01234	98
5985	NA	0.01274	98
400757	NA	0.01277	97
27443	NA	0.01277	98
64902	NA	0.01292	98
4507	NA	0.01292	96
167465	NA	0.01346	98
677814	NA	0.01351	98
100616332	NA	0.01361	98
25817	NA	0.01362	98
22992	NA	0.01369	96
56114	NA	0.0137	96
56113	NA	0.0137	98
56112	NA	0.0137	97
56104	NA	0.0137	98
56111	NA	0.0137	98
56103	NA	0.0137	99
56110	NA	0.0137	96
56102	NA	0.0137	98
56109	NA	0.0137	98
56108	NA	0.0137	99
8641	NA	0.0137	98
9708	NA	0.0137	98
56107	NA	0.0137	98
56100	NA	0.0137	99
56106	NA	0.0137	99
56099	NA	0.0137	97
26025	NA	0.0137	98
5098	NA	0.0137	99
56098	NA	0.0137	98
56097	NA	0.0137	97
1729	NA	0.0137	98
8434	NA	0.01374	99
152007	NA	0.01374	98
149111	NA	0.01385	97
157697	NA	0.01385	99
9228	NA	0.01385	98
106480500	NA	0.01397	98
57214	NA	0.01424	98
162	NA	0.01449	99
23244	NA	0.0145	98
26980	NA	0.0145	98
27131	NA	0.01452	98
58495	NA	0.01452	96
100873472	NA	0.01477	99
89866	NA	0.01483	98
8648	NA	0.01487	99
56147	NA	0.01509	99
56146	NA	0.01509	98
56145	NA	0.01509	99
56144	NA	0.01509	96
6327	NA	0.01525	98
10746	NA	0.0154	98
106480071	NA	0.0154	99
284369	NA	0.01581	98
106481516	NA	0.0159	95
25805	NA	0.0159	98
131450	NA	0.01601	97
29083	NA	0.01601	97
126826	NA	0.01613	96
86781	NA	0.01626	99
259239	NA	0.01626	97
9686	NA	0.01637	96
220107	NA	0.01645	99
55180	NA	0.01656	99
140460	NA	0.01656	99
5802	NA	0.01674	97
137868	NA	0.01705	99
100151678	NA	0.01706	98
57495	NA	0.01706	98
1400	NA	0.01729	97
9988	NA	0.01729	98
79618	NA	0.01732	99
23303	NA	0.01732	99
101060176	NA	0.01739	99
5879	NA	0.01751	98
1452	NA	0.01796	99
100270974	NA	0.01796	99
549	NA	0.01809	99
5866	NA	0.01836	98
102725045	NA	0.01838	99
56143	NA	0.01844	96
56142	NA	0.01844	99
288	NA	0.01847	99
441884	NA	0.01855	97
220906	NA	0.0187	98
9520	NA	0.0187	99
8522	NA	0.01882	99
60	NA	0.01888	98
106480125	NA	0.01907	98
419	NA	0.01962	96
3627	NA	0.01962	97
6373	NA	0.01962	99
2241	NA	0.01975	98
57619	NA	0.01985	97
92017	NA	0.02005	99
5136	NA	0.02024	99
83660	NA	0.02061	98
80350	NA	0.02092	98
64866	NA	0.02093	98
26061	NA	0.02104	99
115207	NA	0.0212	98
23423	NA	0.02141	99
2146	NA	0.02149	97
100132987	NA	0.02221	97
414243	NA	0.02221	95
148189	NA	0.02243	97
2894	NA	0.02271	99
100874235	NA	0.02287	99
23032	NA	0.02296	97
56141	NA	0.02301	98
56140	NA	0.02301	99
100302691	NA	0.0233	98
55553	NA	0.02397	98
149643	NA	0.02402	98
56204	NA	0.02408	98
124912	NA	0.02415	99
9771	NA	0.02415	98
100873485	NA	0.02415	99
391190	NA	0.02446	99
6261	NA	0.02507	98
100874441	NA	0.02542	99
124989	NA	0.02588	98
5229	NA	0.02591	96
57708	NA	0.02609	96
2060	NA	0.0261	99
55604	NA	0.02638	98
9752	NA	0.02655	99
100147821	NA	0.02701	98
56670	NA	0.02728	98
503632	NA	0.02778	99
23345	NA	0.02782	99
9079	NA	0.02799	99
4286	NA	0.02848	98
23468	NA	0.02952	99
100616400	NA	0.02952	98
401022	NA	0.02957	99
3231	NA	0.02957	98
414351	NA	0.02999	97
106660611	NA	0.0301	99
151477	NA	0.0301	98
28811	NA	0.03044	95
114987	NA	0.03072	99
54836	NA	0.03072	98
4045	NA	0.03135	98
8546	NA	0.03146	98
8291	NA	0.03149	99
85569	NA	0.0315	99
619434	NA	0.03197	99
203062	NA	0.03197	99
3662	NA	0.03223	97
84939	NA	0.03223	99
64240	NA	0.0326	99
64241	NA	0.0326	99
23438	NA	0.0328	97
153527	NA	0.0328	98
3550	NA	0.03289	98
54853	NA	0.03289	98
373863	NA	0.03289	98
3035	NA	0.03289	98
776	NA	0.03319	99
9844	NA	0.03326	99
4179	NA	0.03329	97
199713	NA	0.03371	98
55655	NA	0.03371	97
51422	NA	0.03455	98
100505483	NA	0.03455	98
100507466	NA	0.03472	98
83593	NA	0.03529	99
6550	NA	0.03658	98
114182	NA	0.03813	95
129684	NA	0.03827	99
5915	NA	0.03891	99
390224	NA	0.04128	99
696	NA	0.0417	98
30811	NA	0.04172	98
10049	NA	0.04198	99
1317	NA	0.04262	99
246184	NA	0.04262	99
5077	NA	0.04385	98
631	NA	0.0441	99
140752	NA	0.0441	99
54715	NA	0.04412	97
374407	NA	0.04498	99
9728	NA	0.04636	98
4695	NA	0.04677	99
100500820	NA	0.04677	98
2202	NA	0.04775	97
3559	NA	0.04843	98
441160	NA	0.04852	99
55173	NA	0.04856	99
123624	NA	0.04963	99
100852410	NA	0.04993	99
28514	NA	0.05126	95
55144	NA	0.05206	97
342184	NA	0.05287	99
81578	NA	0.05368	99
196446	NA	0.05463	98
55783	NA	0.05486	97
92140	NA	0.05713	99
251	NA	0.05907	99
1902	NA	0.05917	99
4289	NA	0.06067	99
346606	NA	0.06084	97
646409	NA	0.06084	99
57016	NA	0.06152	98
23413	NA	0.06308	99
1012	NA	0.06402	99
653	NA	0.06412	99
100616328	NA	0.06544	99
57616	NA	0.06586	99
169026	NA	0.06586	99
9369	NA	0.0669	99
2863	NA	0.06773	99
5334	NA	0.07457	99
8829	NA	0.07476	99
10599	NA	0.07892	98
55351	NA	0.08071	98
123096	NA	0.08072	99
442910	NA	0.08072	98
33	NA	0.08351	99
24141	NA	0.08588	99
6263	NA	0.08849	98
100337590	NA	0.09164	98
646693	NA	0.09164	98
22821	NA	0.09561	99
3835	NA	0.09764	99
4150	NA	0.09764	99
112476	NA	0.09764	99
79447	NA	0.09764	99
9961	NA	0.09764	99
199920	NA	0.1001	99
200407	NA	0.1002	99
731220	NA	0.1002	99
6530	NA	0.1036	99
83715	NA	0.1186	99
8718	NA	0.1186	99
57449	NA	0.1186	98
401014	NA	0.1281	98
57460	NA	0.1283	99
28966	NA	0.1313	99
949	NA	0.1324	98
1432	NA	0.1345	99
8701	NA	0.1386	99
55536	NA	0.1386	99
89797	NA	0.1411	98
642	NA	0.1549	99
106481580	NA	0.1549	98
57419	NA	0.1618	99
79819	NA	0.166	98
54476	NA	0.1766	99
131890	NA	0.1799	99
3739	NA	0.1802	99
55914	NA	0.2318	99
677842	NA	0.2318	99
81570	NA	0.2336	99
148	NA	0.2434	98
79109	NA	0.2463	99
25914	NA	0.2495	98
55790	NA	0.2563	99
57492	NA	0.2639	99
100873647	NA	0.2982	99
309	NA	0.3042	99
6036	NA	0.3476	99
352964	NA	0.3732	99
100048904	NA	0.3732	99
100048903	NA	0.3732	99
146183	NA	0.3864	99
4802	NA	0.3922	97
9132	NA	0.3922	99
1015	NA	0.4035	99
6595	NA	0.4447	99
80059	NA	0.5018	99
222537	NA	0.5884	99
9312	NA	0.6831	99
7297	NA	0.704	99
114784	NA	0.756	99
92370	NA	0.9712	98
261734	NA	0.9727	99
8514	NA	0.9727	99
2989	NA	3.361e-24	50
6653	NA	9.727e-15	49
3123	NA	2.701e-10	50
222950	NA	6.02e-10	48
100131457	NA	6.747e-10	49
10979	NA	7.945e-09	50
932	NA	5.115e-08	51
3122	NA	6.23e-08	53
3132	NA	6.23e-08	50
106480429	NA	6.927e-08	55
6878	NA	2.032e-07	51
2053	NA	2.115e-07	54
23360	NA	3.021e-07	59
7551	NA	3.098e-07	56
51314	NA	3.687e-07	57
724	NA	3.796e-07	54
7589	NA	4.445e-07	52
406934	NA	6.241e-07	48
161	NA	6.284e-07	51
79865	NA	6.346e-07	51
1643	NA	8.106e-07	52
407050	NA	8.346e-07	55
780851	NA	1.271e-06	58
170463	NA	1.312e-06	57
51477	NA	1.312e-06	51
102	NA	1.41e-06	50
146433	NA	1.414e-06	51
124961	NA	1.798e-06	54
10734	NA	1.901e-06	57
83694	NA	2.467e-06	59
1379	NA	2.755e-06	70
54894	NA	3.069e-06	58
9135	NA	3.566e-06	69
100130311	NA	3.825e-06	59
283571	NA	4.742e-06	64
106480831	NA	5.797e-06	67
857	NA	5.907e-06	59
715	NA	6.515e-06	59
1839	NA	6.52e-06	65
51763	NA	7.21e-06	62
100306951	NA	7.21e-06	68
150356	NA	8.371e-06	70
221914	NA	8.384e-06	64
1997	NA	8.719e-06	68
8356	NA	1.103e-05	69
100147813	NA	1.103e-05	70
414764	NA	1.191e-05	69
23026	NA	1.265e-05	71
400506	NA	1.377e-05	73
2033	NA	1.393e-05	72
647215	NA	1.691e-05	77
442525	NA	2.323e-05	82
55246	NA	2.668e-05	70
126364	NA	2.715e-05	74
374378	NA	4.512e-05	82
25791	NA	4.972e-05	82
779	NA	5.151e-05	81
100506084	NA	7.058e-05	85
5209	NA	7.294e-05	81
100128081	NA	7.364e-05	87
3990	NA	8.324e-05	87
5338	NA	8.503e-05	84
6706	NA	8.92e-05	90
8854	NA	9.237e-05	87
400961	NA	9.488e-05	81
8671	NA	0.0001056	85
9340	NA	0.0001259	85
8759	NA	0.0001355	93
55359	NA	0.0001363	88
85479	NA	0.0001522	90
9261	NA	0.0001528	90
100151669	NA	0.0001654	94
283450	NA	0.0001772	93
64839	NA	0.0001823	89
387129	NA	0.0001858	89
100873495	NA	0.0001875	88
55905	NA	0.0001906	87
57188	NA	0.0002296	91
23457	NA	0.0002435	88
29123	NA	0.0002571	91
29079	NA	0.0004241	89
153657	NA	0.0004271	92
283314	NA	0.0004367	90
9156	NA	0.0004597	92
6915	NA	0.0006407	95
161436	NA	0.0007141	91
106481635	NA	0.000818	96
55270	NA	0.00086	90
23272	NA	0.0009231	95
387882	NA	0.001068	94
28520	NA	0.00112	96
25797	NA	0.001211	92
338811	NA	0.001355	94
414201	NA	0.001509	96
401136	NA	0.002948	98
109	NA	0.004322	97
106479888	NA	0.004967	98
221935	NA	0.00533	97
151050	NA	0.005614	96
140836	NA	0.005822	98
127795	NA	0.01991	98
8454	NA	0.02149	96
9811	NA	0.04091	96
106480590	NA	6.02e-25	49
64231	NA	2.504e-15	54
106481980	NA	3.287e-11	52
56244	NA	1.628e-08	50
3635	NA	3.169e-08	48
442668	NA	1.573e-07	54
9101	NA	3.903e-07	49
28340	NA	4.885e-07	50
92154	NA	1.414e-06	54
84622	NA	2.281e-06	62
124935	NA	2.431e-06	54
23046	NA	5.641e-06	61
716	NA	5.678e-06	62
1368	NA	1.485e-05	65
63892	NA	1.806e-05	74
6815	NA	2.169e-05	69
79637	NA	4.594e-05	74
651746	NA	6.049e-05	78
100422989	NA	7.294e-05	87
1105	NA	0.0006526	88
79750	NA	0.001107	91
274	NA	1.053e-25	51
643680	NA	1.192e-13	50
1135	NA	6.543e-10	53
57091	NA	2.46e-08	53
100616222	NA	2.973e-08	48
221393	NA	2.375e-07	50
399888	NA	4.637e-07	52
259287	NA	6.043e-07	60
100506779	NA	6.241e-07	60
11282	NA	7.402e-07	57
102606462	NA	1.485e-05	79
51338	NA	6.532e-15	56
79841	NA	8.777e-08	50
1534	NA	6.161e-07	52
3453	NA	3.946e-06	54
245812	NA	2.618e-07	51
407014	NA	8.346e-07	48
